	EC_12_R1	EC_12_R2	EC_24_R1	EC_24_R2	EC_36_R1	EC_36_R2	EC_48_R1	EC_48_R2	EC_72_R1	EC_72_R2	EC+ANDV_12_R1	EC+ANDV_12_R2	EC+ANDV_24_R1	EC+ANDV_24_R2	EC+ANDV_36_R1	EC+ANDV_36_R2	EC+ANDV_48_R1	EC+ANDV_48_R2	EC+ANDV_72_R1	EC+ANDV_72_R2	EC+SNV_12_R1	EC+SNV_12_R2	EC+SNV_24_R1	EC+SNV_24_R2	EC+SNV_36_R1	EC+SNV_36_R2	EC+SNV_48_R1	EC+SNV_48_R2	EC+SNV_72_R1	EC+SNV_72_R2	M_12_R1	M_12_R2	M_24_R1	M_24_R2	M_36_R1	M_36_R2	M_48_R1	M_48_R2	M+ANDV_12_R1	M+ANDV_12_R2	M+ANDV_24_R1	M+ANDV_24_R2	M+ANDV_36_R1	M+ANDV_36_R2	M+ANDV_48_R1	M+ANDV_48_R2	M+SNV_12_R1	M+SNV_12_R2	M+SNV_24_R1	M+SNV_24_R2	M+SNV_36_R1	M+SNV_36_R2	M+SNV_48_R1	M+SNV_48_R2
HPRT1	4963.0	5599.0	4475.0	4819.0	4420.0	5230.0	3605.0	4114.0	4406.0	4844.0	3458.0	5089.0	4698.5	4177.0	4844.0	5006.0	3969.0	4600.0	3348.0	3919.5	4894.0	4950.0	5341.5	5503.0	5390.0	5310.0	4711.0	5212.0	4697.5	4790.0	42.0	36.0	19.0	13.5	51.0	55.0	48.0	55.0	34.0	36.0	16.0	14.0	39.0	66.0	39.0	31.0	21.5	21.0	25.0	34.0	56.0	39.0	69.0	87.5
ARG1	23.0	24.0	26.0	23.0	27.0	26.0	25.0	28.0	29.0	26.0	17.0	20.0	27.0	25.0	27.0	30.0	32.0	28.0	25.0	28.0	24.0	27.0	24.0	27.0	28.0	24.0	22.0	24.0	35.0	33.0	8.0	8.0	8.0	8.0	10.0	9.0	8.0	8.0	10.0	14.0	8.0	8.0	8.0	9.0	9.0	8.0	9.0	10.0	10.0	8.0	9.5	9.0	11.0	10.0
CASP3	3797.0	3910.0	3944.0	4291.0	3973.5	4430.0	3109.0	3632.0	3852.0	4058.0	3073.0	3586.0	3819.5	3169.0	4760.0	5080.5	4244.0	4730.0	3056.5	3303.0	3367.5	3638.0	4143.0	4404.0	4602.0	4450.5	4348.0	4669.0	4356.0	4714.0	40.5	40.0	16.0	10.0	43.5	44.5	46.0	46.0	32.0	38.0	14.0	10.0	30.0	56.0	29.0	21.5	21.0	18.0	25.0	28.0	42.0	35.5	53.0	58.0
CASP7	2470.0	2582.5	2737.0	2952.0	2562.0	2821.0	2037.0	2329.0	2335.0	2354.0	1823.0	2210.5	4373.0	3222.5	6631.0	7810.0	6231.0	6577.0	4450.0	4720.0	2365.0	2398.0	3491.0	4083.0	3578.0	3611.0	4235.0	4458.5	6032.5	6245.0	28.0	23.0	25.0	21.0	40.0	45.0	31.0	40.0	34.0	54.5	26.0	21.0	27.0	52.0	31.0	26.5	37.0	46.5	58.5	44.0	65.5	43.5	80.0	58.0
CCL22	262.0	300.5	240.0	234.5	187.0	178.0	150.5	202.0	191.0	179.5	151.5	148.0	240.0	165.0	221.5	205.0	186.5	165.0	161.0	177.0	211.5	247.5	230.0	236.5	208.0	186.5	129.0	181.5	161.0	239.0	87.0	71.0	97.0	91.5	124.0	111.0	84.0	87.0	132.5	136.0	114.0	106.0	70.17	115.0	84.5	90.5	78.0	105.0	112.0	94.0	127.5	75.5	135.0	90.0
CCL5	247.0	228.0	152.0	178.0	136.0	152.0	91.0	98.0	92.0	85.0	207.0	239.0	356.0	362.0	3643.5	4974.0	9571.5	7348.0	11759.0	12705.0	238.0	231.5	199.0	304.0	186.5	271.0	470.0	484.0	6184.5	4866.5	4.0	4.0	4.0	3.33	5.0	4.0	4.0	4.0	4.0	7.0	3.5	3.33	4.0	4.0	4.0	4.0	5.0	4.0	4.0	4.0	5.0	4.0	4.0	5.0
CCR7	26.0	25.0	27.5	27.0	34.0	28.0	29.0	35.0	36.0	29.5	15.0	19.0	30.0	21.0	37.0	35.0	35.0	33.0	32.0	32.0	20.0	17.0	22.0	23.0	30.0	31.0	26.0	26.0	29.0	31.0	7.67	7.67	7.67	7.67	13.0	10.0	7.67	8.0	12.5	15.0	9.0	8.0	7.67	11.0	10.0	7.67	9.0	12.0	14.0	9.0	16.0	7.67	16.0	10.5
CD14	37.0	34.0	34.0	37.5	35.0	41.0	27.0	32.0	30.0	25.0	27.0	32.0	45.0	30.0	41.0	39.5	38.0	35.5	35.0	34.5	35.5	36.0	44.5	39.0	37.0	41.0	32.0	30.0	30.0	37.0	240.0	224.0	175.0	95.0	615.0	659.0	783.0	759.0	59.0	63.0	69.0	52.0	384.0	592.0	401.0	288.0	32.0	32.0	113.0	175.0	441.0	296.5	415.5	711.5
CD200R1	61.0	70.5	80.0	88.0	91.5	87.0	67.0	83.5	73.0	69.0	39.0	38.0	86.0	41.5	84.5	75.5	79.0	77.0	73.0	72.0	33.0	31.5	53.0	51.0	65.0	52.0	51.0	42.0	56.5	56.0	4.0	4.0	4.0	4.0	5.0	5.0	4.0	4.0	5.0	9.0	4.0	4.0	4.0	5.0	4.0	5.0	5.0	5.5	6.0	5.0	6.0	5.5	6.0	7.0
CD274	1293.0	1481.5	976.0	1043.0	827.0	992.5	792.0	837.5	984.5	1053.0	943.0	1479.0	1423.0	1620.5	4360.0	5709.0	5400.5	4995.0	3143.0	3617.0	1221.0	1440.0	1303.0	1276.0	1260.5	1202.0	1473.0	1407.0	4118.5	3794.5	7.0	7.0	6.33	6.33	8.0	7.0	7.0	9.0	13.5	13.0	7.0	6.33	7.0	7.0	7.0	6.33	7.0	7.0	6.33	7.0	8.0	7.0	9.0	9.0
CD80	22.0	22.5	24.0	26.0	23.0	24.0	30.0	24.0	24.0	25.0	45.0	40.0	199.0	276.0	5137.0	7463.5	9406.5	7992.0	4197.0	5056.0	41.0	38.0	56.5	150.0	72.0	161.0	504.0	598.5	7806.0	8073.0	9.0	9.0	8.67	8.67	10.0	9.0	9.0	9.0	9.0	12.0	9.0	8.67	9.0	9.0	9.0	9.0	10.0	10.0	9.0	10.0	10.0	9.0	12.0	11.0
CD86	52.0	58.0	46.0	48.0	35.0	35.5	27.0	33.0	31.0	33.0	42.5	31.0	43.0	46.0	43.0	42.0	38.0	39.0	32.0	40.0	48.0	44.0	39.0	44.0	40.5	34.5	25.5	44.0	34.5	51.0	43.0	39.0	25.5	16.0	83.0	85.0	91.0	116.0	28.0	37.0	17.0	13.5	70.0	96.0	54.0	41.5	18.0	17.0	28.0	47.0	85.0	67.0	91.0	115.0
CXCL10	62.5	75.0	63.0	59.0	45.5	35.0	38.5	47.0	33.0	34.0	118.5	85.0	276.0	371.0	5406.5	8864.0	11967.5	8674.5	1767.0	2067.0	98.0	71.0	81.5	216.0	75.5	157.0	479.0	626.0	6547.0	7104.0	4.0	4.0	5.0	4.0	5.0	5.0	4.0	5.0	5.0	7.0	5.0	4.0	5.0	5.0	5.0	5.0	6.0	6.0	6.0	5.0	5.0	5.0	6.0	6.0
CXCL11	115.0	114.0	85.0	79.0	77.5	59.0	38.0	64.0	44.0	43.0	65.5	53.0	83.0	55.0	91.0	78.0	64.5	69.5	54.5	48.0	98.0	87.0	64.0	74.5	79.0	64.0	47.0	66.5	51.5	76.0	5.0	4.17	4.17	4.17	5.0	5.0	4.17	4.17	4.17	7.0	4.17	4.17	4.17	5.0	4.17	4.17	4.17	4.17	4.17	4.17	5.0	4.17	5.0	5.0
IDO1	50.0	55.0	40.0	43.0	36.0	33.0	25.0	32.0	32.0	33.0	33.0	38.0	49.0	46.5	258.0	279.5	446.0	370.0	120.0	120.0	51.0	53.0	46.0	55.0	44.0	45.0	50.0	57.5	232.0	294.0	7.0	7.0	6.0	6.0	8.0	8.0	7.0	6.0	7.0	7.0	7.0	7.0	7.0	7.0	7.0	7.0	8.0	8.0	7.0	7.0	8.0	7.0	7.0	8.0
IFNA1	17.0	17.0	19.0	20.0	18.0	19.0	20.0	19.0	18.0	19.0	12.0	22.0	18.0	17.0	22.0	29.0	27.0	26.0	23.0	21.5	20.0	18.0	21.0	21.0	20.0	21.5	20.5	22.0	23.0	23.0	5.0	6.0	5.0	5.0	6.0	6.0	6.0	5.0	5.0	8.0	5.0	5.0	5.0	5.0	6.0	5.0	6.0	5.0	5.0	5.0	5.5	5.0	6.0	6.0
IFNB1	18.0	16.0	16.0	17.0	15.0	17.0	14.5	16.0	14.0	16.0	24.0	20.0	49.5	47.0	779.5	1249.5	2048.0	1502.0	307.0	417.0	16.0	15.0	17.5	23.0	20.0	26.0	103.0	100.0	856.0	722.0	3.5	3.5	3.5	3.5	4.0	3.5	3.5	3.5	3.5	8.0	3.5	3.5	3.5	3.5	3.5	4.0	3.5	3.5	3.5	4.0	3.5	3.5	3.5	4.0
IFNG	49.0	57.0	56.0	49.0	47.0	38.0	34.0	49.0	38.0	38.0	35.0	36.0	52.5	45.0	54.5	53.0	44.5	51.0	59.0	52.0	47.0	39.5	48.5	52.0	54.0	46.0	41.0	49.5	49.0	56.0	11.5	8.0	8.0	4.0	17.0	14.0	12.0	12.0	7.5	12.0	5.0	5.0	8.0	14.0	7.0	7.0	6.0	6.0	9.0	9.0	14.5	8.0	14.5	14.0
IFR3	2685.0	2960.0	2348.0	2448.0	2142.0	2444.5	1792.5	2026.5	2105.0	2210.0	1912.5	2651.0	2815.5	2483.5	2932.0	3171.0	2551.0	2553.0	2101.0	2291.0	2779.0	3147.5	2973.5	3390.5	2919.0	2818.0	2438.0	2703.0	2412.0	2638.5	30.0	22.0	15.0	10.0	41.0	47.0	48.0	50.5	25.5	30.0	12.0	10.0	34.5	59.0	32.5	22.0	15.0	15.0	24.0	28.0	53.0	43.0	61.0	70.0
IL10	20.0	19.5	22.0	22.0	24.0	24.0	19.0	21.0	21.0	20.0	16.0	17.0	21.0	21.0	29.0	29.0	32.0	27.5	22.0	22.5	19.0	19.0	22.0	23.0	25.0	21.0	22.0	23.0	26.0	27.0	17.0	18.0	14.0	9.0	35.0	76.0	58.5	40.0	8.0	11.0	9.0	8.0	26.5	41.0	34.5	29.0	8.0	8.0	11.0	15.0	45.0	31.5	42.0	63.0
IL12A	85.0	115.0	83.0	92.0	72.0	74.5	63.0	79.5	75.0	90.0	64.0	84.0	86.0	76.0	207.0	229.0	285.0	231.0	149.5	157.5	70.0	82.0	89.0	88.0	76.0	87.0	95.5	98.0	207.0	198.0	8.5	8.5	8.5	8.5	10.0	11.0	8.5	8.5	11.0	16.0	9.0	8.5	8.5	9.0	8.5	8.5	8.5	8.5	10.0	8.5	11.0	8.5	12.0	11.0
IL15	215.5	237.0	315.5	377.0	372.5	425.5	345.0	371.0	410.0	431.5	197.0	225.0	476.0	435.5	1351.0	1596.0	1691.0	1576.0	1164.0	1345.0	221.0	222.5	415.0	495.0	512.0	537.0	631.0	677.0	1403.0	1316.0	15.0	14.0	8.0	6.33	10.0	9.0	9.0	11.0	10.0	14.0	6.33	6.33	8.0	11.0	8.0	8.0	9.0	10.0	10.0	10.0	13.0	9.0	13.0	13.0
IL1A	167.5	181.0	256.0	271.0	284.0	327.5	234.0	278.0	231.0	240.0	104.0	121.0	193.5	192.0	510.0	511.0	464.0	405.0	209.5	197.0	129.5	142.0	205.0	206.5	260.0	242.0	264.5	248.5	254.0	253.5	11.0	9.33	11.0	9.33	18.0	16.0	13.0	14.0	15.0	18.0	14.0	15.0	9.33	17.0	14.0	12.0	13.0	12.0	14.0	12.0	20.0	12.0	26.0	21.0
IL1B	306.5	300.0	485.0	514.0	511.0	628.0	382.0	477.0	361.0	426.0	151.0	189.0	271.5	277.0	450.0	447.0	333.0	347.0	217.0	218.0	195.0	191.5	295.0	289.5	336.0	337.0	304.0	295.0	300.5	377.0	15.0	14.0	6.0	5.0	38.0	24.0	39.0	41.0	46.5	17.0	5.0	6.0	12.0	26.0	30.0	24.0	8.0	7.0	7.0	14.0	34.0	25.0	42.5	64.5
IL1RN	30.0	25.5	27.0	23.0	23.0	23.5	23.0	24.0	22.0	22.0	21.5	22.0	26.0	25.0	34.0	35.0	33.0	33.5	28.5	25.0	24.0	27.0	24.0	27.0	25.5	26.0	24.0	26.0	30.0	34.0	295.5	229.0	14.0	10.5	21.0	16.0	10.0	62.0	389.0	373.0	18.0	14.0	39.5	78.5	10.0	9.0	130.0	102.5	37.0	57.5	26.5	18.0	36.0	36.0
IL6	556.0	646.0	485.0	495.5	483.0	500.0	410.0	420.5	412.0	407.5	421.0	503.0	662.5	554.0	1059.0	1322.0	1497.0	1425.5	757.0	811.0	542.0	553.0	609.0	658.5	662.0	622.0	669.0	755.5	1058.0	995.0	18.0	16.67	25.0	20.0	28.5	28.5	20.0	20.0	27.0	35.0	28.0	24.0	16.67	25.0	22.0	22.0	23.0	26.0	27.0	21.0	32.0	18.0	34.5	23.0
IL8	10883.0	12658.0	10308.0	10993.0	9666.5	11487.0	7900.0	8912.0	7454.0	8211.0	8032.0	12036.5	15414.0	12952.0	12311.0	12081.0	11286.0	12194.0	4980.0	4872.0	13123.0	14709.0	15223.5	14403.5	13270.0	11053.0	11730.0	11780.5	10762.0	9785.0	1408.0	1246.0	322.5	216.0	995.5	941.0	725.0	978.5	1259.0	1101.5	227.0	146.0	589.0	937.0	690.0	515.0	352.5	352.0	365.0	405.5	894.0	631.5	829.0	1466.5
IRF7	469.0	487.5	458.0	463.0	446.0	465.0	518.0	482.5	544.0	565.0	973.5	856.0	4918.5	4380.0	13383.5	14807.5	13944.5	13823.0	9890.0	10483.0	1292.0	1221.0	1648.0	4251.0	2228.0	4080.0	6182.0	6869.5	12259.0	12853.0	44.0	41.0	27.0	27.0	46.0	43.0	31.5	44.0	52.0	56.0	32.0	38.0	34.0	56.5	34.0	36.0	32.5	32.0	32.0	41.5	57.0	34.0	66.5	51.0
ITGAM	67.0	74.0	74.0	64.0	80.0	76.5	65.0	78.0	72.5	56.0	25.0	22.83	70.0	35.0	81.0	65.0	71.0	60.0	69.5	73.0	32.0	31.0	48.0	45.0	62.0	48.0	37.0	51.0	56.5	67.0	33.0	32.0	41.0	42.0	73.5	64.5	58.5	107.5	62.0	75.0	45.0	41.5	47.0	105.0	51.0	45.0	51.0	53.0	61.0	60.0	99.0	65.0	161.0	119.0
NFKB1	1871.5	2023.0	1919.5	2050.0	1880.0	2057.5	1648.5	1750.0	1960.0	2009.0	1530.5	1968.5	2072.0	1827.0	2120.0	2255.0	2038.0	2099.0	1931.0	2004.0	2002.5	2113.0	2254.0	2430.0	2290.0	2298.0	2113.5	2248.0	2178.5	2221.0	60.0	55.5	15.0	6.0	54.0	45.0	55.0	76.0	60.0	50.0	7.0	8.0	42.0	62.5	33.0	20.0	16.5	18.0	18.5	31.5	50.0	33.0	59.0	87.0
NOS2	231.0	305.5	222.0	223.0	133.0	104.5	53.5	98.5	71.0	86.0	153.0	174.0	225.0	176.0	176.0	143.0	89.5	91.0	49.0	41.0	264.0	236.0	223.0	259.5	154.0	149.0	87.0	127.0	82.0	152.0	4.17	4.17	5.0	4.17	6.0	5.0	5.0	4.17	5.0	8.0	5.0	5.0	5.0	5.0	5.0	4.17	5.0	5.0	5.0	5.0	5.0	5.0	5.0	6.0
PPARG	1381.0	1537.5	1476.5	1661.0	1818.0	1991.0	1670.0	1779.0	2146.0	2140.0	1038.0	1284.0	1465.0	1256.5	2350.5	2516.5	2354.0	2680.0	2152.0	2247.0	1373.0	1416.0	1629.0	1722.0	2081.5	2141.5	2426.0	2675.0	2987.0	2999.0	56.0	41.0	15.0	9.0	46.0	33.0	21.0	63.0	40.0	44.0	21.0	14.0	55.5	93.5	19.0	14.0	31.0	31.5	36.0	76.0	103.0	87.0	118.0	70.5
TGFB1	18329.5	18670.0	14230.5	14533.5	13754.0	14358.0	11586.0	12951.5	13591.0	14472.0	6773.0	15870.0	15047.0	11809.5	18770.5	20623.0	18770.0	19390.0	14531.0	14743.5	16566.0	18751.0	15477.5	18021.0	16960.0	16221.5	15095.0	18083.0	19099.0	20352.5	525.0	479.5	94.0	54.0	226.0	258.0	242.0	300.0	412.5	425.5	79.0	59.0	221.0	323.5	136.0	101.0	161.0	182.0	127.5	192.0	262.0	209.0	301.0	328.0
TLR3	111.0	101.0	109.0	135.0	116.0	109.0	97.5	119.0	104.5	111.0	98.5	100.0	449.0	486.0	4286.0	5443.0	5874.0	5567.0	4444.0	5164.5	111.0	110.5	189.0	332.0	232.5	375.5	564.0	698.0	4440.0	4482.0	15.0	16.0	15.0	14.0	25.0	22.0	12.33	13.0	17.0	28.0	15.0	12.33	12.33	18.5	12.33	12.33	20.5	28.0	29.0	23.0	31.0	16.0	32.0	24.0
TLR7	20.0	21.0	20.0	23.0	17.0	19.0	18.5	20.0	16.0	17.0	16.0	21.0	22.0	20.0	26.0	25.0	26.0	27.0	20.0	23.5	20.0	21.0	21.0	20.0	22.0	21.0	19.0	22.5	22.5	26.0	6.0	5.0	6.0	4.0	17.0	30.0	34.0	17.0	4.0	7.0	4.0	4.0	9.0	17.0	12.5	12.0	5.0	4.0	5.0	6.0	16.5	9.0	12.0	23.0
TNF	22.0	23.0	21.0	22.0	25.0	24.0	22.0	28.5	23.5	26.0	13.5	15.0	27.0	20.0	32.5	33.0	38.0	37.0	28.5	27.0	20.0	17.5	21.5	20.0	24.0	23.0	22.0	22.0	32.5	30.0	76.5	100.0	21.0	14.0	75.0	105.0	94.0	103.0	99.5	94.0	17.0	22.0	68.0	115.0	86.0	57.0	35.0	42.0	42.5	54.0	109.0	59.0	101.0	126.0
VEGFA	359.0	409.5	270.5	286.0	253.0	257.5	189.0	242.0	262.0	274.0	282.5	362.0	312.0	284.5	382.0	382.0	406.0	442.0	329.0	316.0	380.5	386.5	315.0	320.5	297.0	314.0	319.0	384.0	443.0	513.0	12.0	13.0	7.0	6.0	9.0	9.0	9.0	7.0	8.0	11.0	6.0	6.0	7.0	9.0	7.0	7.0	6.0	7.0	6.0	7.0	8.0	7.0	8.0	8.0
